[[-0.125468802476569,0.1130535180539538]]
[[0.17315105133635705,-0.17337712237096137]]
[[-0.08343947798135226,0.013071682764328324]]
[[-0.005283751388857794,0.04849280280301001]]
[[0.03137726120602356,-0.18127097068838016]]
[[-0.19454490116695652,-0.04593352740617315]]
[[-0.05616821284020883,0.08311846607385537]]
[[0.10267143217017279,0.11795832297435103]]
[[-0.17828281514123615,-0.03517870593158506]]
[[-0.06477324459553019,0.13382494628657537]]
[[0.1455316088655288,-0.06339237109971718]]
[[0.06536632659115174,0.15769602621608766]]
[[-0.04901918816103286,0.04464539878505215]]
[[-0.19372751304270042,-0.10566096459136656]]
[[0.055510240894748854,0.028517090911802524]]
[[-0.18982481950176822,-0.07453805137513064]]
